0	:invoke	:read	nil
0	:ok	:read	[]
0	:invoke	:broadcast	0
0	:ok	:broadcast	0
0	:invoke	:broadcast	1
0	:ok	:broadcast	1
0	:invoke	:broadcast	2
0	:ok	:broadcast	2
0	:invoke	:broadcast	3
0	:ok	:broadcast	3
0	:invoke	:broadcast	4
0	:ok	:broadcast	4
0	:invoke	:read	nil
0	:ok	:read	[4 0 1 2 3]
0	:invoke	:read	nil
0	:ok	:read	[0 1 2 3 4]
0	:invoke	:broadcast	5
0	:ok	:broadcast	5
0	:invoke	:broadcast	6
0	:ok	:broadcast	6
0	:invoke	:read	nil
0	:ok	:read	[2 3 4 5 6 0 1]
0	:invoke	:broadcast	7
0	:ok	:broadcast	7
0	:invoke	:broadcast	8
0	:ok	:broadcast	8
0	:invoke	:broadcast	9
0	:ok	:broadcast	9
0	:invoke	:broadcast	10
0	:ok	:broadcast	10
0	:invoke	:broadcast	11
0	:ok	:broadcast	11
0	:invoke	:broadcast	12
0	:ok	:broadcast	12
0	:invoke	:read	nil
0	:ok	:read	[7 8 11 4 5 9 10 12 0 1 2 3 6]
0	:invoke	:broadcast	13
0	:ok	:broadcast	13
0	:invoke	:read	nil
0	:ok	:read	[6 7 8 11 4 5 9 10 12 13 0 1 2 3]
0	:invoke	:read	nil
0	:ok	:read	[7 8 11 4 5 9 10 12 13 0 1 2 3 6]
0	:invoke	:read	nil
0	:ok	:read	[8 11 4 5 9 10 12 13 0 1 2 3 6 7]
0	:invoke	:broadcast	14
0	:ok	:broadcast	14
0	:invoke	:read	nil
0	:ok	:read	[11 14 5 9 10 13 2 6 4 12 0 1 3 7 8]
0	:invoke	:broadcast	15
0	:ok	:broadcast	15
0	:invoke	:broadcast	16
0	:ok	:broadcast	16
0	:invoke	:broadcast	17
0	:ok	:broadcast	17
0	:invoke	:broadcast	18
0	:ok	:broadcast	18
0	:invoke	:broadcast	19
0	:ok	:broadcast	19
0	:invoke	:read	nil
0	:ok	:read	[17 18 19 2 6 4 15 12 0 1 3 7 8 11 14 5 9 10 13 16]
0	:invoke	:read	nil
0	:ok	:read	[14 5 9 10 13 16 17 18 19 2 6 4 15 12 0 1 3 7 8 11]
0	:invoke	:broadcast	20
0	:ok	:broadcast	20
0	:invoke	:broadcast	21
0	:ok	:broadcast	21
0	:invoke	:broadcast	22
0	:ok	:broadcast	22
0	:invoke	:read	nil
0	:ok	:read	[22 4 15 12 0 1 3 7 8 11 14 5 9 10 13 16 17 18 19 2 6 20 21]
0	:invoke	:read	nil
0	:ok	:read	[12 0 1 3 7 8 11 14 5 9 10 13 16 17 18 19 2 6 20 21 22 4 15]
0	:invoke	:read	nil
0	:ok	:read	[12 0 1 3 7 8 11 14 5 9 10 13 16 17 18 19 2 6 20 21 22 4 15]
0	:invoke	:broadcast	23
0	:ok	:broadcast	23
0	:invoke	:broadcast	24
0	:ok	:broadcast	24
0	:invoke	:read	nil
0	:ok	:read	[4 15 23 24 12 0 1 3 7 8 11 14 5 9 10 13 16 17 18 19 2 6 20 21 22]
0	:invoke	:read	nil
0	:ok	:read	[4 15 23 24 12 0 1 3 7 8 11 14 5 9 10 13 16 17 18 19 2 6 20 21 22]
0	:invoke	:broadcast	25
0	:ok	:broadcast	25
0	:invoke	:read	nil
0	:ok	:read	[17 18 19 2 6 20 21 22 25 4 15 23 24 12 0 1 3 7 8 11 14 5 9 10 13 16]
0	:invoke	:read	nil
0	:ok	:read	[9 10 13 16 17 18 19 2 6 20 21 22 25 4 15 23 24 12 0 1 3 7 8 11 14 5]
0	:invoke	:read	nil
0	:ok	:read	[15 23 24 12 0 1 3 7 8 11 14 5 9 10 13 16 17 18 19 2 6 20 21 22 25 4]
0	:invoke	:read	nil
0	:ok	:read	[20 21 22 25 4 15 23 24 12 0 1 3 7 8 11 14 5 9 10 13 16 17 18 19 2 6]
0	:invoke	:read	nil
0	:ok	:read	[18 19 2 6 20 21 22 25 4 15 23 24 12 0 1 3 7 8 11 14 5 9 10 13 16 17]
0	:invoke	:read	nil
0	:ok	:read	[2 6 20 21 22 25 4 15 23 24 12 0 1 3 7 8 11 14 5 9 10 13 16 17 18 19]
0	:invoke	:broadcast	26
0	:ok	:broadcast	26
0	:invoke	:read	nil
0	:ok	:read	[1 3 7 8 11 14 5 9 10 13 16 17 18 19 2 6 20 21 22 25 26 4 15 23 24 12 0]
0	:invoke	:broadcast	27
0	:ok	:broadcast	27
0	:invoke	:broadcast	28
0	:ok	:broadcast	28
0	:invoke	:read	nil
0	:ok	:read	[8 11 14 9 10 13 17 2 6 25 28 4 16 1 3 5 18 19 21 26 27 20 22 15 23 24 12 0 7]
0	:invoke	:read	nil
0	:ok	:read	[21 26 27 20 22 15 23 24 12 0 7 8 11 14 9 10 13 17 2 6 25 28 4 16 1 3 5 18 19]
0	:invoke	:read	nil
0	:ok	:read	[17 2 6 25 28 4 16 1 3 5 18 19 21 26 27 20 22 15 23 24 12 0 7 8 11 14 9 10 13]
0	:invoke	:broadcast	29
0	:ok	:broadcast	29
0	:invoke	:read	nil
0	:ok	:read	[4 16 1 3 5 18 19 21 26 27 29 20 22 15 23 24 12 0 7 8 11 14 9 10 13 17 2 6 25 28]
0	:invoke	:read	nil
0	:ok	:read	[12 0 7 8 11 14 9 10 13 17 2 6 25 28 4 16 1 3 5 18 19 21 26 27 29 20 22 15 23 24]
0	:invoke	:broadcast	30
0	:ok	:broadcast	30
0	:invoke	:broadcast	31
0	:ok	:broadcast	31
0	:invoke	:broadcast	32
0	:ok	:broadcast	32
0	:invoke	:broadcast	33
0	:ok	:broadcast	33
0	:invoke	:broadcast	34
0	:ok	:broadcast	34
0	:invoke	:broadcast	35
0	:ok	:broadcast	35
0	:invoke	:broadcast	36
0	:ok	:broadcast	36
0	:invoke	:broadcast	37
0	:ok	:broadcast	37
0	:invoke	:broadcast	38
0	:ok	:broadcast	38
0	:invoke	:read	nil
0	:ok	:read	[37 2 6 25 28 4 16 1 3 33 35 5 18 19 21 26 27 29 20 22 36 38 15 23 24 12 0 7 8 11 14 30 31 9 10 13 17 32 34]
0	:invoke	:read	nil
0	:ok	:read	[16 1 3 33 35 5 18 19 21 26 27 29 20 22 36 38 15 23 24 12 0 7 8 11 14 30 31 9 10 13 17 32 34 37 2 6 25 28 4]
0	:invoke	:broadcast	39
0	:ok	:broadcast	39
0	:invoke	:broadcast	40
0	:ok	:broadcast	40
0	:invoke	:broadcast	41
0	:ok	:broadcast	41
0	:invoke	:read	nil
0	:ok	:read	[0 7 8 11 14 30 31 9 10 13 17 32 34 37 39 2 6 25 28 41 4 16 1 3 33 35 40 5 18 19 21 26 27 29 20 22 36 38 15 23 24 12]
0	:invoke	:broadcast	42
0	:ok	:broadcast	42
0	:invoke	:read	nil
0	:ok	:read	[12 0 7 8 11 14 30 31 9 10 13 17 32 34 37 39 2 6 25 28 41 4 16 1 3 33 35 40 5 18 19 21 26 27 29 42 20 22 36 38 15 23 24]
0	:invoke	:broadcast	43
0	:ok	:broadcast	43
0	:invoke	:read	nil
0	:ok	:read	[42 20 22 36 38 15 23 24 12 0 7 8 11 14 30 31 9 10 13 17 32 34 37 39 2 6 25 28 41 43 4 16 1 3 33 35 40 5 18 19 21 26 27 29]
0	:invoke	:read	nil
0	:ok	:read	[15 23 24 12 0 7 8 11 14 30 31 9 10 13 17 32 34 37 39 2 6 25 28 41 43 4 16 1 3 33 35 40 5 18 19 21 26 27 29 42 20 22 36 38]
0	:invoke	:broadcast	44
0	:ok	:broadcast	44
0	:invoke	:broadcast	45
0	:ok	:broadcast	45
0	:invoke	:broadcast	46
0	:ok	:broadcast	46
0	:invoke	:broadcast	47
0	:ok	:broadcast	47
0	:invoke	:read	nil
0	:ok	:read	[27 29 42 20 22 36 38 15 23 24 12 0 7 8 11 14 30 31 9 10 13 17 32 34 37 39 2 6 25 28 41 43 47 4 44 45 16 1 3 33 35 40 46 5 18 19 21 26]
0	:invoke	:broadcast	48
0	:ok	:broadcast	48
0	:invoke	:read	nil
0	:ok	:read	[44 45 48 16 1 3 33 35 40 46 5 18 19 21 26 27 29 42 20 22 36 38 15 23 24 12 0 7 8 11 14 30 31 9 10 13 17 32 34 37 39 2 6 25 28 41 43 47 4]
0	:invoke	:read	nil
0	:ok	:read	[15 23 24 12 0 7 8 11 14 30 31 9 10 13 17 32 34 37 39 2 6 25 28 41 43 47 4 44 45 48 16 1 3 33 35 40 46 5 18 19 21 26 27 29 42 20 22 36 38]
0	:invoke	:broadcast	49
0	:ok	:broadcast	49
0	:invoke	:broadcast	50
0	:ok	:broadcast	50
0	:invoke	:read	nil
0	:ok	:read	[43 47 4 44 45 48 50 16 1 3 33 35 40 46 5 18 19 21 26 27 29 42 20 22 36 38 49 15 23 24 12 0 7 8 11 14 30 31 9 10 13 17 32 34 37 39 2 6 25 28 41]
0	:invoke	:broadcast	51
0	:ok	:broadcast	51
0	:invoke	:broadcast	52
0	:ok	:broadcast	52
0	:invoke	:read	nil
0	:ok	:read	[12 0 7 8 11 14 30 31 9 10 13 17 32 34 37 39 2 6 25 28 41 43 47 4 44 45 48 50 52 16 1 3 33 35 40 46 51 5 18 19 21 26 27 29 42 20 22 36 38 49 15 23 24]
0	:invoke	:broadcast	53
0	:ok	:broadcast	53
0	:invoke	:read	nil
0	:ok	:read	[24 12 0 7 8 11 14 30 31 9 10 13 17 32 34 37 39 2 6 25 28 41 43 47 4 44 45 48 50 52 53 16 1 3 33 35 40 46 51 5 18 19 21 26 27 29 42 20 22 36 38 49 15 23]
0	:invoke	:read	nil
0	:ok	:read	[19 21 26 27 29 42 20 22 36 38 49 15 23 24 12 0 7 8 11 14 30 31 9 10 13 17 32 34 37 39 2 6 25 28 41 43 47 4 44 45 48 50 52 53 16 1 3 33 35 40 46 51 5 18]
0	:invoke	:broadcast	54
0	:ok	:broadcast	54
0	:invoke	:broadcast	55
0	:ok	:broadcast	55
0	:invoke	:read	nil
0	:ok	:read	[22 36 38 49 54 15 23 24 12 0 7 8 11 14 30 31 9 10 13 17 32 34 37 39 2 6 25 28 41 43 47 55 4 44 45 48 50 52 53 16 1 3 33 35 40 46 51 5 18 19 21 26 27 29 42 20]
0	:invoke	:read	nil
0	:ok	:read	[26 27 29 42 20 22 36 38 49 54 15 23 24 12 0 7 8 11 14 30 31 9 10 13 17 32 34 37 39 2 6 25 28 41 43 47 55 4 44 45 48 50 52 53 16 1 3 33 35 40 46 51 5 18 19 21]
0	:invoke	:broadcast	56
0	:ok	:broadcast	56
0	:invoke	:read	nil
0	:ok	:read	[46 51 18 19 21 27 54 38 15 24 32 44 12 0 11 31 13 37 41 43 47 55 25 28 56 33 35 40 5 26 29 42 49 20 22 36 23 45 48 53 7 8 14 30 9 10 17 34 39 2 6 4 50 52 16 1 3]
0	:invoke	:read	nil
0	:ok	:read	[32 44 12 0 11 31 13 37 41 43 47 55 25 28 56 33 35 40 5 26 29 42 49 20 22 36 23 45 48 53 7 8 14 30 9 10 17 34 39 2 6 4 50 52 16 1 3 46 51 18 19 21 27 54 38 15 24]
0	:invoke	:read	nil
0	:ok	:read	[10 17 34 39 2 6 4 50 52 16 1 3 46 51 18 19 21 27 54 38 15 24 32 44 12 0 11 31 13 37 41 43 47 55 25 28 56 33 35 40 5 26 29 42 49 20 22 36 23 45 48 53 7 8 14 30 9]
0	:invoke	:broadcast	57
0	:ok	:broadcast	57
0	:invoke	:read	nil
0	:ok	:read	[23 45 48 53 7 8 14 30 9 10 17 34 39 57 2 6 4 50 52 16 1 3 46 51 18 19 21 27 54 38 15 24 32 44 12 0 11 31 13 37 41 43 47 55 25 28 56 33 35 40 5 26 29 42 49 20 22 36]
0	:invoke	:read	nil
0	:ok	:read	[55 25 28 56 33 35 40 5 26 29 42 49 20 22 36 23 45 48 53 7 8 14 30 9 10 17 34 39 57 2 6 4 50 52 16 1 3 46 51 18 19 21 27 54 38 15 24 32 44 12 0 11 31 13 37 41 43 47]
0	:invoke	:broadcast	58
0	:ok	:broadcast	58
0	:invoke	:read	nil
0	:ok	:read	[32 44 12 0 11 31 13 37 41 43 47 55 25 28 56 33 35 40 5 26 29 42 49 20 22 36 23 45 48 53 7 8 14 30 9 10 17 34 39 57 2 6 4 50 52 16 1 3 46 51 18 19 21 27 54 38 58 15 24]
0	:invoke	:read	nil
0	:ok	:read	[0 11 31 13 37 41 43 47 55 25 28 56 33 35 40 5 26 29 42 49 20 22 36 23 45 48 53 7 8 14 30 9 10 17 34 39 57 2 6 4 50 52 16 1 3 46 51 18 19 21 27 54 38 58 15 24 32 44 12]
0	:invoke	:read	nil
0	:ok	:read	[33 35 40 5 26 29 42 49 20 22 36 23 45 48 53 7 8 14 30 9 10 17 34 39 57 2 6 4 50 52 16 1 3 46 51 18 19 21 27 54 38 58 15 24 32 44 12 0 11 31 13 37 41 43 47 55 25 28 56]
0	:invoke	:read	nil
0	:ok	:read	[1 3 46 51 18 19 21 27 54 38 58 15 24 32 44 12 0 11 31 13 37 41 43 47 55 25 28 56 33 35 40 5 26 29 42 49 20 22 36 23 45 48 53 7 8 14 30 9 10 17 34 39 57 2 6 4 50 52 16]
0	:invoke	:read	nil
0	:ok	:read	[56 33 35 40 5 26 29 42 49 20 22 36 23 45 48 53 7 8 14 30 9 10 17 34 39 57 2 6 4 50 52 16 1 3 46 51 18 19 21 27 54 38 58 15 24 32 44 12 0 11 31 13 37 41 43 47 55 25 28]
0	:invoke	:read	nil
0	:ok	:read	[16 1 3 46 51 18 19 21 27 54 38 58 15 24 32 44 12 0 11 31 13 37 41 43 47 55 25 28 56 33 35 40 5 26 29 42 49 20 22 36 23 45 48 53 7 8 14 30 9 10 17 34 39 57 2 6 4 50 52]
0	:invoke	:read	nil
0	:ok	:read	[4 50 52 16 1 3 46 51 18 19 21 27 54 38 58 15 24 32 44 12 0 11 31 13 37 41 43 47 55 25 28 56 33 35 40 5 26 29 42 49 20 22 36 23 45 48 53 7 8 14 30 9 10 17 34 39 57 2 6]
0	:invoke	:read	nil
0	:ok	:read	[52 16 1 3 46 51 18 19 21 27 54 38 58 15 24 32 44 12 0 11 31 13 37 41 43 47 55 25 28 56 33 35 40 5 26 29 42 49 20 22 36 23 45 48 53 7 8 14 30 9 10 17 34 39 57 2 6 4 50]
0	:invoke	:broadcast	59
0	:ok	:broadcast	59
0	:invoke	:broadcast	60
0	:ok	:broadcast	60
0	:invoke	:read	nil
0	:ok	:read	[24 32 44 12 0 11 31 13 37 41 43 47 55 25 28 56 33 35 40 5 26 29 42 49 20 22 36 60 23 59 45 48 53 7 8 14 30 9 10 17 34 39 57 2 6 4 50 52 16 1 3 46 51 18 19 21 27 54 38 58 15]
0	:invoke	:read	nil
0	:ok	:read	[26 29 42 49 20 22 36 60 23 59 45 48 53 7 8 14 30 9 10 17 34 39 57 2 6 4 50 52 16 1 3 46 51 18 19 21 27 54 38 58 15 24 32 44 12 0 11 31 13 37 41 43 47 55 25 28 56 33 35 40 5]
0	:invoke	:broadcast	61
0	:ok	:broadcast	61
0	:invoke	:read	nil
0	:ok	:read	[15 24 32 44 12 0 11 31 13 37 41 43 47 55 25 28 56 61 33 35 40 5 26 29 42 49 20 22 36 60 23 59 45 48 53 7 8 14 30 9 10 17 34 39 57 2 6 4 50 52 16 1 3 46 51 18 19 21 27 54 38 58]
0	:invoke	:read	nil
0	:ok	:read	[41 43 47 55 25 28 56 61 33 35 40 5 26 29 42 49 20 22 36 60 23 59 45 48 53 7 8 14 30 9 10 17 34 39 57 2 6 4 50 52 16 1 3 46 51 18 19 21 27 54 38 58 15 24 32 44 12 0 11 31 13 37]
0	:invoke	:broadcast	62
0	:ok	:broadcast	62
0	:invoke	:broadcast	63
0	:ok	:broadcast	63
0	:invoke	:read	nil
0	:ok	:read	[12 0 11 31 13 37 41 43 47 55 25 28 56 61 33 35 40 5 26 29 42 49 63 20 22 36 60 23 59 45 48 53 7 8 14 30 9 10 17 34 39 57 2 6 4 50 52 16 1 3 46 51 18 19 21 27 54 62 38 58 15 24 32 44]
0	:invoke	:broadcast	64
0	:ok	:broadcast	64
0	:invoke	:broadcast	65
0	:ok	:broadcast	65
0	:invoke	:read	nil
0	:ok	:read	[34 39 57 2 6 4 50 52 16 1 3 46 51 18 19 21 27 54 62 64 38 58 15 24 32 44 12 0 11 31 13 37 41 43 47 55 25 28 56 61 33 35 40 5 26 29 42 49 63 20 22 36 60 65 23 59 45 48 53 7 8 14 30 9 10 17]
0	:invoke	:broadcast	66
0	:ok	:broadcast	66
0	:invoke	:broadcast	67
0	:ok	:broadcast	67
0	:invoke	:read	nil
0	:ok	:read	[1 3 46 51 18 19 21 27 54 62 64 38 58 15 24 32 44 12 0 11 31 13 37 41 43 47 55 66 25 28 56 61 33 35 40 5 26 29 42 49 63 20 22 36 60 65 67 23 59 45 48 53 7 8 14 30 9 10 17 34 39 57 2 6 4 50 52 16]
0	:invoke	:read	nil
0	:ok	:read	[24 32 44 12 0 11 31 13 37 41 43 47 55 66 25 28 56 61 33 35 40 5 26 29 42 49 63 20 22 36 60 65 67 23 59 45 48 53 7 8 14 30 9 10 17 34 39 57 2 6 4 50 52 16 1 3 46 51 18 19 21 27 54 62 64 38 58 15]
0	:invoke	:read	nil
0	:ok	:read	[15 24 32 44 12 0 11 31 13 37 41 43 47 55 66 25 28 56 61 33 35 40 5 26 29 42 49 63 20 22 36 60 65 67 23 59 45 48 53 7 8 14 30 9 10 17 34 39 57 2 6 4 50 52 16 1 3 46 51 18 19 21 27 54 62 64 38 58]
0	:invoke	:read	nil
0	:ok	:read	[10 17 34 39 57 2 6 4 50 52 16 1 3 46 51 18 19 21 27 54 62 64 38 58 15 24 32 44 12 0 11 31 13 37 41 43 47 55 66 25 28 56 61 33 35 40 5 26 29 42 49 63 20 22 36 60 65 67 23 59 45 48 53 7 8 14 30 9]
0	:invoke	:broadcast	68
0	:ok	:broadcast	68
0	:invoke	:broadcast	69
0	:ok	:broadcast	69
0	:invoke	:broadcast	70
0	:ok	:broadcast	70
0	:invoke	:broadcast	71
0	:ok	:broadcast	71
0	:invoke	:read	nil
0	:ok	:read	[15 24 70 32 44 12 0 11 31 13 37 41 43 47 55 66 25 28 56 61 69 33 35 40 5 26 29 42 49 63 20 22 36 60 65 67 23 59 45 48 53 7 8 14 30 9 10 17 34 39 57 2 6 68 71 4 50 52 16 1 3 46 51 18 19 21 27 54 62 64 38 58]
0	:invoke	:broadcast	72
0	:ok	:broadcast	72
0	:invoke	:broadcast	73
0	:ok	:broadcast	73
0	:invoke	:read	nil
0	:ok	:read	[32 44 12 0 11 31 13 37 41 43 47 55 66 25 28 56 61 72 73 69 33 35 40 5 26 29 42 49 63 20 22 36 60 65 67 23 59 45 48 53 7 8 14 30 9 10 17 34 39 57 2 6 68 71 4 50 52 16 1 3 46 51 18 19 21 27 54 62 64 38 58 15 24 70]
0	:invoke	:broadcast	74
0	:ok	:broadcast	74
0	:invoke	:read	nil
0	:ok	:read	[5 26 29 42 49 63 20 22 36 60 65 67 23 59 45 48 53 7 8 14 30 9 10 17 34 39 57 2 6 68 71 4 50 52 16 1 3 46 51 18 19 21 27 54 62 64 38 58 15 24 70 32 44 12 0 11 31 74 13 37 41 43 47 55 66 25 28 56 61 72 73 69 33 35 40]
0	:invoke	:read	nil
0	:ok	:read	[45 48 53 7 8 14 30 9 10 17 34 39 57 2 6 68 71 4 50 52 16 1 3 46 51 18 19 21 27 54 62 64 38 58 15 24 70 32 44 12 0 11 31 74 13 37 41 43 47 55 66 25 28 56 61 72 73 69 33 35 40 5 26 29 42 49 63 20 22 36 60 65 67 23 59]
0	:invoke	:broadcast	75
0	:ok	:broadcast	75
0	:invoke	:broadcast	76
0	:ok	:broadcast	76
0	:invoke	:read	nil
0	:ok	:read	[70 32 44 12 0 11 31 74 13 37 41 43 47 55 66 25 28 56 61 72 73 69 33 35 40 5 26 29 42 49 63 75 20 22 36 60 65 67 23 59 45 48 53 7 8 14 30 9 10 17 34 39 57 2 6 68 71 76 4 50 52 16 1 3 46 51 18 19 21 27 54 62 64 38 58 15 24]
0	:invoke	:broadcast	77
0	:ok	:broadcast	77
0	:invoke	:broadcast	78
0	:ok	:broadcast	78
0	:invoke	:read	nil
0	:ok	:read	[45 48 53 7 8 14 30 9 10 17 34 39 57 78 2 6 68 71 76 4 50 52 16 1 3 46 51 18 19 21 27 54 62 64 38 58 15 24 70 32 44 12 0 11 31 74 13 37 41 43 47 55 66 25 28 56 61 72 73 69 33 35 40 5 26 29 42 49 63 75 20 22 36 60 65 67 77 23 59]
0	:invoke	:broadcast	79
0	:ok	:broadcast	79
0	:invoke	:read	nil
0	:ok	:read	[45 48 53 7 8 14 30 9 10 17 34 39 57 78 2 6 68 71 76 4 50 52 16 1 3 46 51 18 19 21 27 54 62 64 38 58 15 24 70 32 44 12 0 11 31 74 13 37 41 43 47 55 66 25 28 56 61 72 73 69 33 35 40 79 5 26 29 42 49 63 75 20 22 36 60 65 67 77 23 59]
0	:invoke	:read	nil
0	:ok	:read	[58 15 24 70 32 44 12 0 11 31 74 13 37 41 43 47 55 66 25 28 56 61 72 73 69 33 35 40 79 5 26 29 42 49 63 75 20 22 36 60 65 67 77 23 59 45 48 53 7 8 14 30 9 10 17 34 39 57 78 2 6 68 71 76 4 50 52 16 1 3 46 51 18 19 21 27 54 62 64 38]
0	:invoke	:read	nil
0	:ok	:read	[33 35 40 79 5 26 29 42 49 63 75 20 22 36 60 65 67 77 23 59 45 48 53 7 8 14 30 9 10 17 34 39 57 78 2 6 68 71 76 4 50 52 16 1 3 46 51 18 19 21 27 54 62 64 38 58 15 24 70 32 44 12 0 11 31 74 13 37 41 43 47 55 66 25 28 56 61 72 73 69]
0	:invoke	:read	nil
0	:ok	:read	[28 56 61 72 73 69 33 35 40 79 5 26 29 42 49 63 75 20 22 36 60 65 67 77 23 59 45 48 53 7 8 14 30 9 10 17 34 39 57 78 2 6 68 71 76 4 50 52 16 1 3 46 51 18 19 21 27 54 62 64 38 58 15 24 70 32 44 12 0 11 31 74 13 37 41 43 47 55 66 25]
0	:invoke	:broadcast	80
0	:ok	:broadcast	80
0	:invoke	:read	nil
0	:ok	:read	[33 35 40 79 5 26 29 42 49 63 75 20 22 36 60 65 67 77 23 59 80 45 48 53 7 8 14 30 9 10 17 34 39 57 78 2 6 68 71 76 4 50 52 16 1 3 46 51 18 19 21 27 54 62 64 38 58 15 24 70 32 44 12 0 11 31 74 13 37 41 43 47 55 66 25 28 56 61 72 73 69]
0	:invoke	:broadcast	81
0	:ok	:broadcast	81
0	:invoke	:read	nil
0	:ok	:read	[6 68 71 76 4 50 52 16 1 3 46 51 18 19 21 27 54 62 64 38 58 15 24 70 32 44 12 0 11 31 74 13 37 41 43 47 55 66 25 28 56 61 72 73 69 81 33 35 40 79 5 26 29 42 49 63 75 20 22 36 60 65 67 77 23 59 80 45 48 53 7 8 14 30 9 10 17 34 39 57 78 2]
0	:invoke	:broadcast	82
0	:ok	:broadcast	82
0	:invoke	:broadcast	83
0	:ok	:broadcast	83
0	:invoke	:broadcast	84
0	:ok	:broadcast	84
0	:invoke	:broadcast	85
0	:ok	:broadcast	85
0	:invoke	:broadcast	86
0	:ok	:broadcast	86
0	:invoke	:broadcast	87
0	:ok	:broadcast	87
0	:invoke	:read	nil
0	:ok	:read	[84 16 1 3 46 51 18 19 21 27 54 62 64 38 58 15 24 70 32 44 12 0 11 31 74 13 37 41 43 47 55 66 87 25 28 56 61 72 73 86 69 81 33 35 40 79 83 5 26 29 42 49 63 75 20 22 36 60 65 67 77 82 23 59 80 45 48 53 7 8 14 30 9 10 17 34 39 57 78 2 6 68 71 76 85 4 50 52]
0	:invoke	:read	nil
0	:ok	:read	[9 10 17 34 39 57 78 2 6 68 71 76 85 4 50 52 84 16 1 3 46 51 18 19 21 27 54 62 64 38 58 15 24 70 32 44 12 0 11 31 74 13 37 41 43 47 55 66 87 25 28 56 61 72 73 86 69 81 33 35 40 79 83 5 26 29 42 49 63 75 20 22 36 60 65 67 77 82 23 59 80 45 48 53 7 8 14 30]
0	:invoke	:broadcast	88
0	:ok	:broadcast	88
0	:invoke	:read	nil
0	:ok	:read	[33 35 40 79 83 5 26 29 42 49 63 75 20 22 36 60 65 67 77 82 23 59 80 45 48 53 7 8 14 30 9 10 17 34 39 57 78 2 6 68 71 76 85 88 4 50 52 84 16 1 3 46 51 18 19 21 27 54 62 64 38 58 15 24 70 32 44 12 0 11 31 74 13 37 41 43 47 55 66 87 25 28 56 61 72 73 86 69 81]
0	:invoke	:broadcast	89
0	:ok	:broadcast	89
0	:invoke	:broadcast	90
0	:ok	:broadcast	90
0	:invoke	:broadcast	91
0	:ok	:broadcast	91
0	:invoke	:read	nil
0	:ok	:read	[6 68 71 76 85 88 91 4 50 52 84 16 1 3 46 51 89 18 19 21 27 54 62 64 38 58 15 24 70 32 44 12 0 11 31 74 13 37 41 43 47 55 66 87 25 28 56 61 72 73 86 90 69 81 33 35 40 79 83 5 26 29 42 49 63 75 20 22 36 60 65 67 77 82 23 59 80 45 48 53 7 8 14 30 9 10 17 34 39 57 78 2]
0	:invoke	:read	nil
0	:ok	:read	[48 53 7 8 14 30 9 10 17 34 39 57 78 2 6 68 71 76 85 88 91 4 50 52 84 16 1 3 46 51 89 18 19 21 27 54 62 64 38 58 15 24 70 32 44 12 0 11 31 74 13 37 41 43 47 55 66 87 25 28 56 61 72 73 86 90 69 81 33 35 40 79 83 5 26 29 42 49 63 75 20 22 36 60 65 67 77 82 23 59 80 45]
0	:invoke	:read	nil
0	:ok	:read	[31 74 13 37 41 43 47 55 66 87 25 28 56 61 72 73 86 90 69 81 33 35 40 79 83 5 26 29 42 49 63 75 20 22 36 60 65 67 77 82 23 59 80 45 48 53 7 8 14 30 9 10 17 34 39 57 78 2 6 68 71 76 85 88 91 4 50 52 84 16 1 3 46 51 89 18 19 21 27 54 62 64 38 58 15 24 70 32 44 12 0 11]
0	:invoke	:broadcast	92
0	:ok	:broadcast	92
0	:invoke	:broadcast	93
0	:ok	:broadcast	93
0	:invoke	:read	nil
0	:ok	:read	[45 48 53 7 8 14 30 9 10 17 34 39 57 78 2 6 68 71 76 85 88 91 4 50 52 84 16 1 3 46 51 89 18 19 21 27 54 62 64 38 58 15 24 70 32 44 12 0 11 31 74 13 37 41 43 47 55 66 87 25 28 56 61 72 73 86 90 69 81 92 33 35 40 79 83 93 5 26 29 42 49 63 75 20 22 36 60 65 67 77 82 23 59 80]
0	:invoke	:read	nil
0	:ok	:read	[63 75 20 22 36 60 65 67 77 82 23 59 80 45 48 53 7 8 14 30 9 10 17 34 39 57 78 2 6 68 71 76 85 88 91 4 50 52 84 16 1 3 46 51 89 18 19 21 27 54 62 64 38 58 15 24 70 32 44 12 0 11 31 74 13 37 41 43 47 55 66 87 25 28 56 61 72 73 86 90 69 81 92 33 35 40 79 83 93 5 26 29 42 49]
0	:invoke	:read	nil
0	:ok	:read	[33 35 40 79 83 93 5 26 29 42 49 63 75 20 22 36 60 65 67 77 82 23 59 80 45 48 53 7 8 14 30 9 10 17 34 39 57 78 2 6 68 71 76 85 88 91 4 50 52 84 16 1 3 46 51 89 18 19 21 27 54 62 64 38 58 15 24 70 32 44 12 0 11 31 74 13 37 41 43 47 55 66 87 25 28 56 61 72 73 86 90 69 81 92]
0	:invoke	:broadcast	94
0	:ok	:broadcast	94
0	:invoke	:broadcast	95
0	:ok	:broadcast	95
0	:invoke	:read	nil
0	:ok	:read	[13 37 41 43 47 55 66 87 25 28 56 61 72 73 86 90 69 81 92 33 35 40 79 83 93 5 26 29 42 49 63 75 20 22 36 60 65 67 77 82 23 59 80 94 45 48 53 7 8 14 30 95 9 10 17 34 39 57 78 2 6 68 71 76 85 88 91 4 50 52 84 16 1 3 46 51 89 18 19 21 27 54 62 64 38 58 15 24 70 32 44 12 0 11 31 74]
0	:invoke	:broadcast	96
0	:ok	:broadcast	96
0	:invoke	:broadcast	97
0	:ok	:broadcast	97
0	:invoke	:read	nil
0	:ok	:read	[32 44 12 0 11 31 74 96 13 37 41 43 47 55 66 87 25 28 56 61 72 73 86 90 69 81 92 33 35 40 79 83 93 5 26 29 42 49 63 75 20 22 36 60 65 67 77 82 23 59 80 94 97 45 48 53 7 8 14 30 95 9 10 17 34 39 57 78 2 6 68 71 76 85 88 91 4 50 52 84 16 1 3 46 51 89 18 19 21 27 54 62 64 38 58 15 24 70]
0	:invoke	:read	nil
0	:ok	:read	[45 48 53 7 8 14 30 95 9 10 17 34 39 57 78 2 6 68 71 76 85 88 91 4 50 52 84 16 1 3 46 51 89 18 19 21 27 54 62 64 38 58 15 24 70 32 44 12 0 11 31 74 96 13 37 41 43 47 55 66 87 25 28 56 61 72 73 86 90 69 81 92 33 35 40 79 83 93 5 26 29 42 49 63 75 20 22 36 60 65 67 77 82 23 59 80 94 97]
0	:invoke	:broadcast	98
0	:ok	:broadcast	98
0	:invoke	:broadcast	99
0	:ok	:broadcast	99
0	:invoke	:read	nil
0	:ok	:read	[16 1 3 46 51 89 18 19 21 27 54 62 64 38 58 15 24 70 32 44 12 0 11 31 74 96 13 37 41 43 47 55 66 87 25 28 56 61 72 73 86 90 69 81 92 99 33 35 40 79 83 93 5 26 29 42 49 63 75 98 20 22 36 60 65 67 77 82 23 59 80 94 97 45 48 53 7 8 14 30 95 9 10 17 34 39 57 78 2 6 68 71 76 85 88 91 4 50 52 84]
0	:invoke	:read	nil
0	:ok	:read	[16 1 3 46 51 89 18 19 21 27 54 62 64 38 58 15 24 70 32 44 12 0 11 31 74 96 13 37 41 43 47 55 66 87 25 28 56 61 72 73 86 90 69 81 92 99 33 35 40 79 83 93 5 26 29 42 49 63 75 98 20 22 36 60 65 67 77 82 23 59 80 94 97 45 48 53 7 8 14 30 95 9 10 17 34 39 57 78 2 6 68 71 76 85 88 91 4 50 52 84]
